60
472
513
536
860
911
1001
1032
1037
1038
1039
1047
1048
1053
1065
1070
1075
1078
1082
1083
1086
1090
1091
1102
1108
1109
1117
1119
1126
1130
1139
1143
1148
1164
1166
1174
1175
1179
1181
1186
1187
1195
1202
1223
1236
1250
1264
1275
1278
1291
1293
1296
1312
1318
1319
1321
1330
1331
1334
1336
1349
1361
1385
1387
1388
1395
1397
1398
1400
1402
1418
1422
1444
1459
1486
1488
1493
1495
1496
1499
1516
1532
1534
1540
1543
1546
1549
1551
1556
1558
1563
1565
1568
1570
1574
1578
1581
1585
1592
1604
1611
1615
1617
1619
1625
1626
1631
1632
1638
1644
1647
1656
1657
1666
1671
1676
1677
1681
1684
1691
1696
1698
1703
1705
1713
1723
1727
1729
1740
1749
1753
1754
1755
1761
1767
1769
1771
1772
1774
1780
1787
1790
1795
1797
1821
1823
1825
1826
1827
1828
1833
1835
1841
1864
1865
1867
1868
1869
1872
1877
1881
1882
1887
1889
1898
1906
1909
1911
1913
1914
1915
1917
1921
1924
1929
1930
1931
1935
1941
1943
1949
1951
1954
1958
1961
1963
1965
1968
1973
1975
1977
1988
1990
1995
1999
2000
2001
2002
2004
2010
