1929
1075
1109
1941
2002
1387
1835
1570
1486
1549
1565
1990
1867
1592
1913
1318
1696
1349
1126
513
1174
1780
1828
1459
1496
1973
1833
1943
1534
1631
2010
1400
1070
1749
1091
1882
1331
1397
1102
1493
1319
1769
1032
1772
1186
1293
1872
1181
1656
1767
1119
1671
1540
1130
1543
1495
1823
1877
860
1676
1657
1385
1053
1963
1038
1296
1250
1585
1039
1977
60
1398
1275
1499
1334
1388
1677
1915
1175
1037
1532
1611
1556
1869
1581
1615
1638
1917
1727
1988
1935
1975
1754
1684
1889
1195
1148
2001
1574
1906
1321
911
1488
1755
1086
1647
2000
1968
1143
1179
536
1703
1312
1881
1914
1223
1924
1632
1826
1921
1999
1236
1729
1047
1864
1790
1604
1558
1740
1626
1444
1330
1644
1868
1787
1422
1995
1705
1723
1898
1698
1336
1666
1691
1761
1911
1278
1418
1930
1361
1001
1909
1202
1771
1951
1395
1082
1617
1954
1795
1402
1083
1841
1931
1048
1516
1949
1065
1958
1078
1578
1563
1821
1139
2004
1568
1887
1108
1625
1681
1825
1551
1797
1264
472
1965
1961
1546
1753
1865
1164
1166
1187
1827
1090
1117
1713
1774
1291
1619
