1667
1610
1551
1423
389
1800
1716
1402
1351
1466
1729
1896
456
1297
1966
1755
1286
1690
1691
1328
1656
1930
1962
1544
1660
1926
1689
1712
1301
1993
1989
1851
1333
1450
1939
1577
1763
1510
1267
1765
1737
1294
2005
1694
1299
1733
1812
1693
1804
1394
1412
1285
1801
1836
1942
1792
1674
764
1816
1410
1854
1723
1220
1575
1300
1980
1296
1707
1330
1593
1857
1043
1501
1880
1983
1662
1935
1654
1635
1929
1655
1637
1717
1489
1366
1684
1972
1319
1280
1948
1758
1909
1499
1843
1726
1936
1903
1284
1875
1680
1556
1537
1463
1564
1808
496
1976
1273
1850
1863
1658
1711
1520
1762
1496
1829
1721
399
1607
1644
1797
1436
1517
1803
1512
1747
1370
1341
1339
1750
1753
1769
1404
1673
1477
1581
1787
1430
1381
1956
1814
1307
1709
1893
1588
1248
1770
1832
1560
1446
1813
1387
1389
2006
1820
1669
1383
1665
1326
1546
1377
1509
1439
1627
1810
1337
1696
1760
1356
1818
1212
1506
1259
1974
1999
1775
1449
766
857
1398
1955
1705
1630
1000
1822
1420
1664
1882
847
1807
1316
1873
1554
1670
1957
1794
1919
1977
1552
1448
