389
399
456
496
764
766
847
857
1000
1043
1212
1220
1248
1259
1267
1273
1280
1284
1285
1286
1294
1296
1297
1299
1300
1301
1307
1316
1319
1326
1328
1330
1333
1337
1339
1341
1351
1356
1366
1370
1377
1381
1383
1387
1389
1394
1398
1402
1404
1410
1412
1420
1423
1430
1436
1439
1446
1448
1449
1450
1463
1466
1477
1489
1496
1499
1501
1506
1509
1510
1512
1517
1520
1537
1544
1546
1551
1552
1554
1556
1560
1564
1575
1577
1581
1588
1593
1607
1610
1627
1630
1635
1637
1644
1654
1655
1656
1658
1660
1662
1664
1665
1667
1669
1670
1673
1674
1680
1684
1689
1690
1691
1693
1694
1696
1705
1707
1709
1711
1712
1716
1717
1721
1723
1726
1729
1733
1737
1747
1750
1753
1755
1758
1760
1762
1763
1765
1769
1770
1775
1787
1792
1794
1797
1800
1801
1803
1804
1807
1808
1810
1812
1813
1814
1816
1818
1820
1822
1829
1832
1836
1843
1850
1851
1854
1857
1863
1873
1875
1880
1882
1893
1896
1903
1909
1919
1926
1929
1930
1935
1936
1939
1942
1948
1955
1956
1957
1962
1966
1972
1974
1976
1977
1980
1983
1989
1993
1999
2005
2006
